BNAB 12 21 1 2 3 4 5 7 8 10 20 2 2 4 3 2 1 4 3 20 proteina a
BNAA 12 21 1 2 3 4 5 7 8 100 20 2 2 4 3 2 1 4 3 20 proteina a
BNAC 12 21 1 2 3 4 50 7 80 10 20 2 2 4 3 2 1 4 3 20 proteina a
BNAD 12 21 1 2 3 4 5 7 8 30 50 2 2 4 3 2 1 4 3 20 proteina a
BN 10 20 10 1 1 1 1 1 2 2 2 20 4 3 20 50 10 70 25 20 proteina b
BM 10 20 10 1 1 1 1 1 2 2 2 21 4 3 20 50 10 70 25 20 proteina b
BB 10 20 10 1 1 1 1 1 2 2 2 22 4 3 20 50 10 70 25 20 proteina b
BK 10 20 10 1 1 1 5 1 4 2 2 25 4 3 20 50 10 70 25 20 proteina b
BL 10 20 10 1 1 1 1 1 2 2 2 22 5 3 20 50 10 70 35 10 proteina c
BJ 10 20 10 1 1 1 1 1 2 2 2 22 2 3 20 50 10 70 35 10 proteina c
BC 10 20 10 1 1 1 1 1 2 2 2 22 3 3 20 50 10 70 35 10 proteina c
BE 10 20 10 1 1 1 1 1 2 2 2 22 4 3 20 50 10 70 35 10 proteina c
BZA 20 10 30 1 2 4 5 8 10 20 50 20 30 40 50 10 70 25 50 20 proteina d
BZB 20 10 30 1 2 4 5 8 10 20 50 20 30 40 50 10 70 25 40 20 proteina d
BZC 20 10 30 1 2 4 5 8 10 20 50 20 30 40 50 10 70 25 30 20 proteina d
BZD 20 10 30 1 2 4 5 8 10 20 50 20 30 40 50 10 70 25 20 20 proteina d
BQE 10 10 30 1 2 4 5 8 10 20 50 20 30 40 50 20 20 20 50 20 proteina e
BQG 10 10 30 1 2 4 5 8 10 20 50 20 30 40 50 20 20 25 50 20 proteina e
BQH 10 10 30 1 2 4 5 8 10 20 50 20 30 40 50 20 20 30 50 20 proteina e
BQI 10 10 30 1 2 4 5 8 10 20 50 20 30 40 50 20 20 40 50 20 proteina e
BTV 20 10 30 1 2 4 5 8 10 20 50 20 30 50 70 10 40 20 100 20 proteina h
BTQ 20 10 30 1 2 4 5 8 10 20 50 20 30 50 70 10 40 25 100 20 proteina h
BTP 20 10 30 1 2 4 5 8 10 20 50 20 30 50 70 10 40 30 100 20 proteina h
BTO 20 10 30 100 2 4 5 8 10 20 50 20 30 50 70 10 40 35 100 20 proteina h
BAJ 20 50 30 100 2 4 5 8 10 20 50 20 30 40 50 10 20 45 50 20 proteina i
BAK 20 50 30 100 2 4 5 8 10 20 50 20 30 40 50 10 20 25 50 20 proteina i
BAL 24 50 30 100 2 4 5 8 10 20 50 20 30 40 50 10 20 25 50 20 proteina i
BAW 21 50 30 100 2 4 5 8 10 20 50 20 30 40 50 10 20 25 50 20 proteina i
BPA 21 12 20 1 2 4 5 8 10 50 50 20 30 40 70 10 20 25 50 20 proteina j
BPB 21 15 20 1 2 4 5 8 10 50 50 20 30 40 70 10 20 25 50 20 proteina j
BPC 21 11 20 1 2 4 5 8 10 50 50 20 30 40 70 10 20 25 50 20 proteina j
BPD 21 12 20 1 2 4 5 8 10 50 50 20 30 40 70 10 20 25 50 20 proteina j